
============================== Base_model: r2plus1d_multiclass ==============================
arguments: {'base_model_name': 'r2plus1d_multiclass', 'pretrained': True, 'lr': 0.0001, 'start_epoch': 1, 'num_epochs': 25, 'layers_list': ['layer3', 'layer4', 'fc'], 'continue_epoch': False, 'num_classes': 10, 'batch_size': 16, 'n_total': 49901, 'test_n': 4990, 'val_n': 9980, 'annotation_path': 'dataset/annotation_dict.json', 'augmented_annotation_path': 'dataset/augmented_annotation_dict.json', 'model_path': 'model_checkpoints/r2plus1d_augmented-3/', 'history_path': 'histories/history_r2plus1d_augmented-3.txt'}

checkpoint name: r2plus1d_multiclass_1_0.0001 
train loss: 0.77369 || train accuracy: 0.72557 || train f1: 0.72557 || train precision: 0.72557 || train recall: 0.72557
[[2765  199   47    4  119   30   44  158   36   95]
 [ 236 2784   72  103   86  155   20  163   46   78]
 [  21   15 3186  110    2   24   84    9   25  669]
 [   3   35  212 1942    2   83   41    5   24  100]
 [ 243  199    9   16  923   32    2   34   19   23]
 [  46   98   92  149   24  917   75    5  140  126]
 [  43   14  124   45    1   42 1465   33  367  558]
 [ 141  148   19   16    8    7   57 1889   65  151]
 [  25   16    9   12    8   52  227   34 3073 1066]
 [  51   16  530   45    7   52  277   37  796 6401]]
val loss: 0.4869 || val accuracy: 0.82375 || val f1: 0.82375 || val precision: 0.82375 || val recall: 0.82375
[[ 890   17    7    0   25    1    5   12    2   14]
 [  15  945   15   35    8   10    3   10    0    9]
 [   2    0 1019    9    2    1   17    0    2  132]
 [   1   11   36  629    1   16    4    1    1   18]
 [  13   47    0    0  354    4    0    0    0    2]
 [  12   54   22   63    5  282    7    2   12   23]
 [  22    1   25   10    0    1  460    3  106  136]
 [   8   13    4    1    0    1    5  629   19   22]
 [   5    5    3    1    2    3   24    3 1062  206]
 [  17    6  132    6    1    5   47    5  203 1951]]

checkpoint name: r2plus1d_multiclass_2_0.0001 
train loss: 0.41864 || train accuracy: 0.85128 || train f1: 0.85128 || train precision: 0.85128 || train recall: 0.85128
[[3272   47   10    2   44   17   31   34    5   35]
 [  52 3418   21   53   34   91    6   29   10   29]
 [  11   16 3580   46    1   15   59   12    3  402]
 [   0   29   73 2187    1   73   29    1    6   48]
 [  59   47    3    1 1369   10    0    4    2    5]
 [  29   86   44   90    8 1302   27    4   34   48]
 [  36   10   52   22    0   27 1961   18  221  345]
 [  34   38    4    3    2    4   23 2279   37   77]
 [  11   12    5    5    4   26  181   21 3490  767]
 [  34   15  328   29    5   39  260   41  583 6878]]
val loss: 0.43754 || val accuracy: 0.84259 || val f1: 0.84259 || val precision: 0.84259 || val recall: 0.84259
[[ 901   41    1    0    2   14    6    1    1    6]
 [   4  995    5   12    1   24    3    2    0    4]
 [   2    5 1007   33    0   13   18    1    4  101]
 [   0   15    2  618    0   73    6    0    0    4]
 [   8   41    0    0  365    5    0    1    0    0]
 [   2   10   12   16    1  419    9    1    1   11]
 [   7    7   19    4    1   14  566    2   60   84]
 [   7   35    3    0    2    0   10  626    8   11]
 [   4    4    4    4    0   14   52   12 1048  172]
 [   9    7  118   13    0   23  101   16  222 1864]]

checkpoint name: r2plus1d_multiclass_3_0.0001 
train loss: 0.25347 || train accuracy: 0.90845 || train f1: 0.90845 || train precision: 0.90845 || train recall: 0.90845
[[3412   19    8    1   12    9   11    8    1   16]
 [  19 3605    6   21   15   38    5   17    9    8]
 [   6    3 3766   27    1   16   36    4    0  286]
 [   0   18   35 2316    0   33   13    3    1   28]
 [  19   18    0    1 1445    9    0    2    3    3]
 [  10   36   22   45    6 1503   10    1   22   17]
 [  14    2   39   13    0    4 2192    7  160  261]
 [  13    9    3    1    1    0    7 2417   17   33]
 [   4    8    1    2    3   13  136   10 3792  553]
 [   8    8  248   16    1   20  192   18  416 7285]]
val loss: 0.47929 || val accuracy: 0.84068 || val f1: 0.84068 || val precision: 0.84068 || val recall: 0.84068
[[ 946    6    1    0    3    2    8    1    0    6]
 [  13  995    9   12    9    3    4    2    0    3]
 [   5    3 1057    4    0    3   20    0    1   91]
 [   0   14   36  627    0   18    8    0    1   14]
 [   5    7    0    0  402    6    0    0    0    0]
 [   9   24   31   41    6  333    9    0    5   24]
 [   2    3   22    1    1    2  512    0   55  166]
 [  13   12    4    0    4    0    8  625   10   26]
 [   3    5    1    1    1    2   33    2  818  448]
 [  10    8  165    1    0    3   54    4   53 2075]]

checkpoint name: r2plus1d_multiclass_4_0.0001 
train loss: 0.1577 || train accuracy: 0.94455 || train f1: 0.94455 || train precision: 0.94455 || train recall: 0.94455
[[3420   19    4    0   17    4    8   11    8    6]
 [  19 3642    9   11    9   22    0   18    5    8]
 [   4    5 3952   17    0    6   19    2    0  140]
 [   2    6   19 2381    0   19    7    1    0   12]
 [  15   13    0    0 1464    6    0    0    1    1]
 [   3   20    9   29    7 1576    5    1   10   12]
 [   6    1   21    7    0    3 2412    6   96  140]
 [   7   10    2    1    1    3    9 2433   11   24]
 [   5    3    2    1    1    8   97    8 4067  330]
 [   4    7  130    5    1   10  107   14  287 7647]]
val loss: 0.50556 || val accuracy: 0.84128 || val f1: 0.84128 || val precision: 0.84128 || val recall: 0.84128
[[ 923    7    4    0    0    8    9   16    3    3]
 [  11  944   12   27    1   29    3   16    3    4]
 [   0    4 1085    8    0    6   24    1    5   51]
 [   1    1   27  659    0   19    5    2    3    1]
 [  22    4    0    1  386    6    0    1    0    0]
 [   2    5   15   38    1  399    3    5    9    5]
 [   3    3   27    4    0    7  599   10   69   42]
 [   1    0    2    0    0    0    3  685    7    4]
 [   3    2    1    2    0   10   61   21 1110  104]
 [  10    8  210    6    1   20  132   20  360 1606]]

checkpoint name: r2plus1d_multiclass_5_0.0001 
train loss: 0.10942 || train accuracy: 0.96247 || train f1: 0.96247 || train precision: 0.96247 || train recall: 0.96247
[[3443   16    1    1    9    5    6    9    2    5]
 [  19 3666    4    7   10   18    0    5    5    9]
 [   2    3 4004   10    1    3   11    3    0  108]
 [   1    6   23 2379    0   22    5    0    1   10]
 [  11   10    0    0 1471    6    0    0    0    2]
 [   3   19    5   21    5 1588    4    2   10   15]
 [   5    0   12    5    0    1 2528    2   63   76]
 [   7    5    1    2    2    1    2 2452   11   18]
 [   2    6    0    0    0    4   68    7 4251  184]
 [   7    3   95    8    1   14   62   10  174 7838]]
val loss: 0.50417 || val accuracy: 0.84669 || val f1: 0.84669 || val precision: 0.84669 || val recall: 0.84669
[[ 911    3    0    0    8   21    8   11    4    7]
 [   8  934    7   19    2   53    1   18    2    6]
 [   1    1  975    6    0    8   17    6    6  164]
 [   0    5   18  645    0   30    5    1    1   13]
 [   5    4    1    0  394   14    0    1    0    1]
 [   1    0   12   20    0  425    3    6    4   11]
 [   4    2   11    3    0   14  539   13   85   93]
 [   0    2    0    0    0    0    0  691    6    3]
 [   2    0    1    1    0   14   46   10 1114  126]
 [   5    4   86    2    0   20   78   31  325 1822]]

checkpoint name: r2plus1d_multiclass_6_0.0001 
train loss: 0.08625 || train accuracy: 0.97037 || train f1: 0.97037 || train precision: 0.97037 || train recall: 0.97037
[[3444    6    3    1   16    3    9    7    1    7]
 [   7 3696    3    9    6   11    1    5    2    3]
 [   2    1 4040    7    0    5    3    2    0   85]
 [   0    4   20 2402    0   10    6    0    0    5]
 [  17    7    0    0 1470    4    0    1    0    1]
 [   4   12    7   16    4 1613    4    0    7    5]
 [   9    0    2    8    0    4 2566    6   45   52]
 [   8    7    1    0    3    1    4 2459    7   11]
 [   3    2    0    1    0    4   44    5 4308  155]
 [   9    6   73    5    0    4   54   11  152 7898]]
val loss: 0.58701 || val accuracy: 0.8483 || val f1: 0.8483 || val precision: 0.8483 || val recall: 0.8483
[[ 944    2    1    0    2    8    6    4    1    5]
 [  10  975    7   21    6   22    1    7    0    1]
 [   1    4 1021   31    2   12   34    1    3   75]
 [   0    4    4  679    0   25    6    0    0    0]
 [   3    1    0    0  411    5    0    0    0    0]
 [   0    1    5   42    2  414    7    4    3    4]
 [   3    3    9    6    0    8  632    4   43   56]
 [   1    1    2    0    0    1    4  689    2    2]
 [   4    4    1    3    0   12  112   21  885  272]
 [   7    8  178   25    1   40  164   19  115 1816]]

checkpoint name: r2plus1d_multiclass_7_0.0001 
train loss: 0.06893 || train accuracy: 0.97721 || train f1: 0.97721 || train precision: 0.97721 || train recall: 0.97721
[[3452   15    0    0    5    2    8    4    2    9]
 [  13 3698    3    3    2    5    3    9    1    6]
 [   0    2 4066    8    0    3    5    0    0   61]
 [   0    2   14 2413    0    8    3    1    0    6]
 [   7    3    1    1 1486    0    0    0    2    0]
 [   2    8    1   13    1 1628    3    2    8    6]
 [  11    2    5    6    0    2 2590    1   34   41]
 [   3    7    1    0    1    3    2 2468    7    9]
 [   2    3    0    0    2    7   34    9 4344  121]
 [   5    5   54    6    1    1   43    8   99 7990]]
val loss: 0.57576 || val accuracy: 0.8478 || val f1: 0.8478 || val precision: 0.8478 || val recall: 0.8478
[[ 941    1    0    0    0    0    4   14    4    9]
 [  34  889   10   26    2   22    4   39    5   19]
 [   2    0  946    5    1    2   29    2    4  193]
 [   1    1   16  636    0   34   13    3    0   14]
 [  11    0    0    0  398    6    0    5    0    0]
 [  14    4   13   19    1  374    6    9   12   30]
 [   7    0    7    1    0    1  607    4   49   88]
 [   4    0    0    0    0    0    5  683    6    4]
 [   4    1    2    0    0    2   68   11 1017  209]
 [   9    3   53    2    0    3   94   15  224 1970]]

checkpoint name: r2plus1d_multiclass_8_0.0001 
train loss: 0.06148 || train accuracy: 0.97913 || train f1: 0.97913 || train precision: 0.97913 || train recall: 0.97913
[[3459   12    1    0    8    2    3    5    5    2]
 [  14 3699    0    6    5    4    1    6    2    6]
 [   1    2 4072    5    0    1    4    0    0   60]
 [   0    4    8 2421    0    6    2    0    1    5]
 [   5    7    0    1 1481    3    0    1    0    2]
 [   4   10    3   10    4 1627    3    1    5    5]
 [   3    1    4    4    0    0 2596    5   30   49]
 [   7    7    2    0    0    2    2 2473    4    4]
 [   2    4    0    0    1    4   34    4 4359  114]
 [   2    5   47    2    0    8   42    0   91 8015]]
val loss: 0.54867 || val accuracy: 0.85481 || val f1: 0.85481 || val precision: 0.85481 || val recall: 0.85481
[[ 895   24    0    0    4   17    6   15    3    9]
 [   0  996    4   19    2    9    0    7    3   10]
 [   6    2  960   10    1   15   28    6    5  151]
 [   0    9    7  653    0   40    5    1    1    2]
 [   6    7    0    0  397    9    0    1    0    0]
 [   0   15    7   23    0  408    3    4    9   13]
 [   6    4   11   10    1   12  550    8   78   84]
 [   0    6    2    0    1    1    0  675    8    9]
 [   2    1    1    4    0    6   42    3 1060  195]
 [   7    4   62    9    0   19  110   15  210 1937]]

checkpoint name: r2plus1d_multiclass_9_0.0001 
train loss: 0.05641 || train accuracy: 0.98099 || train f1: 0.98099 || train precision: 0.98099 || train recall: 0.98099
[[3467    7    2    0    6    2    2    5    0    6]
 [   4 3704    3    4    2   13    0    6    1    6]
 [   1    1 4079   11    0    2    2    3    0   46]
 [   0    4   13 2400    0   16    2    1    2    9]
 [   6    4    0    0 1487    0    0    1    1    1]
 [   4    9    1   13    1 1631    3    1    5    4]
 [   2    0    5    5    0    1 2613    4   23   39]
 [   3    7    1    1    0    2    5 2472    4    6]
 [   0    3    0    1    0    6   20    2 4395   95]
 [   4    4   46    6    0    5   34    4   90 8019]]
val loss: 0.56402 || val accuracy: 0.85261 || val f1: 0.85261 || val precision: 0.85261 || val recall: 0.85261
[[ 900    2    2    0   11    3   14   10   12   19]
 [  11  941   17   29    3   13    7    6    5   18]
 [   0    0 1025    8    1    2   29    1    4  114]
 [   0    1   31  660    0    8    5    0    1   12]
 [  14    4    0    0  392    8    0    0    0    2]
 [   2    3   19   38    1  349   12    6   15   37]
 [   3    0   21    3    0    0  589    4   48   96]
 [   5    2    4    0    0    0    4  670    5   12]
 [   1    0    2    0    0    1   65   11  978  256]
 [   1    0  112    2    0    1  110    4  138 2005]]

checkpoint name: r2plus1d_multiclass_10_0.0001 
train loss: 0.05273 || train accuracy: 0.98328 || train f1: 0.98328 || train precision: 0.98328 || train recall: 0.98328
[[3460   13    1    0    6    3    2    4    1    7]
 [  12 3697    3    8    3    6    1    6    2    5]
 [   1    0 4087   13    2    2    1    0    0   39]
 [   0    4   12 2413    0    8    3    0    3    4]
 [   8    7    1    0 1480    2    0    2    0    0]
 [   4    8    2    7    1 1640    1    0    4    5]
 [   2    2    5    3    0    1 2619    3   25   32]
 [   5    7    2    0    0    0    7 2472    2    6]
 [   1    2    0    1    1    5   33    2 4411   66]
 [   5    1   46    2    0    4   20    6   60 8068]]
val loss: 0.66567 || val accuracy: 0.82986 || val f1: 0.82986 || val precision: 0.82986 || val recall: 0.82986
[[ 851   10    1    0   17   16   11   55    3    9]
 [   1  964    2   22   14   19    2   17    2    7]
 [   0    0  913   24    4   13   27   12    5  186]
 [   0    5    7  664    1   21    6    4    1    9]
 [   4    3    0    0  410    2    0    1    0    0]
 [   0    9    6   45    4  395    1    6    7    9]
 [   3    1   11    6    1   19  570   24   67   62]
 [   0    1    1    0    1    1    1  687    5    5]
 [   0    1    1    0    0    7   57   18 1090  140]
 [   3    7   60    6    9   22  141   37  350 1738]]

checkpoint name: r2plus1d_multiclass_11_0.0001 
train loss: 0.04507 || train accuracy: 0.98529 || train f1: 0.98529 || train precision: 0.98529 || train recall: 0.98529
[[3474    2    0    0    7    2    2    8    1    1]
 [   4 3709    1    7    1    7    2    5    4    3]
 [   1    2 4094    9    0    1    5    0    0   33]
 [   0    4    6 2426    0    3    5    0    0    3]
 [   6    2    0    0 1489    1    0    0    2    0]
 [   4   11    4    6    0 1633    4    0    4    6]
 [   3    1    7    1    0    3 2619    3   27   28]
 [   3    4    2    0    1    1    5 2478    1    6]
 [   2    0    1    0    1    4   26    1 4407   80]
 [   1    3   26    2    0    6   24    2   60 8088]]
val loss: 0.64915 || val accuracy: 0.84158 || val f1: 0.84158 || val precision: 0.84158 || val recall: 0.84158
[[ 921    2    3    1    0    6    3   33    0    4]
 [  15  931   18   25    3   11    1   41    0    5]
 [   5    0 1055   24    0    9   15   13    2   61]
 [   1    2   10  679    0   15    3    6    0    2]
 [   8    3    0    0  400    3    0    5    0    1]
 [   3   12    9   55    1  377    2   12    5    6]
 [   9    0   26    9    0    8  546   31   65   70]
 [   1    3    1    0    0    0    1  694    1    1]
 [   5    1    1    3    1   11   65   41  963  223]
 [   7    3  180   16    0   27   99   62  146 1833]]

checkpoint name: r2plus1d_multiclass_12_0.0001 
train loss: 0.04074 || train accuracy: 0.98634 || train f1: 0.98634 || train precision: 0.98634 || train recall: 0.98634
[[3471    6    0    0    7    1    3    1    0    8]
 [   6 3712    2    7    3    6    1    1    1    4]
 [   0    1 4088    7    0    1    6    1    0   41]
 [   0    2    9 2427    0    3    3    0    0    3]
 [   9    6    0    0 1480    3    0    1    0    1]
 [   0    6    3    3    1 1653    2    0    2    2]
 [   5    0    5    0    0    0 2638    1   20   23]
 [   5    5    1    0    0    1    3 2475    4    7]
 [   1    1    1    1    0    1   19    5 4429   64]
 [   2    3   37    2    1    2   24    6   54 8081]]
val loss: 0.6032 || val accuracy: 0.86333 || val f1: 0.86333 || val precision: 0.86333 || val recall: 0.86333
[[ 965    0    0    0    0    0    1    2    1    4]
 [  13  981    6   18    3    6    1   11    0   11]
 [   9    1 1026    6    0    5   15    2    2  118]
 [   1    7   23  659    0   13    5    1    0    9]
 [  16    2    0    0  398    0    0    2    0    2]
 [  10   18   16   33    3  375    3    5    8   11]
 [   9    3   23    6    1    3  518    3   90  108]
 [   2    0    2    0    0    0    5  672   12    9]
 [   4    6    2    0    0    3   26    8 1020  245]
 [   8    7  110    4    0    9   60   10  163 2002]]

checkpoint name: r2plus1d_multiclass_13_0.0001 
train loss: 0.03716 || train accuracy: 0.98746 || train f1: 0.98746 || train precision: 0.98746 || train recall: 0.98746
[[3478    3    3    0    7    1    2    3    0    0]
 [   4 3713    3    4    3    7    0    5    2    2]
 [   0    2 4102    8    0    2    1    1    0   29]
 [   0    3   12 2416    0    9    3    1    0    3]
 [   6    3    0    0 1486    1    0    2    1    1]
 [   0    6    2    8    1 1644    1    0    7    3]
 [   2    0    4    5    0    2 2637    2   14   26]
 [   6    7    0    1    1    1    0 2476    5    4]
 [   0    1    0    1    0    4   14    2 4445   55]
 [   2    1   29    2    0    2   23    1   56 8096]]
val loss: 0.6013 || val accuracy: 0.86122 || val f1: 0.86122 || val precision: 0.86122 || val recall: 0.86122
[[ 925   21    0    1    0    1    8    7    2    8]
 [   1 1013    5   17    0    8    1    0    0    5]
 [   3    1 1032   14    1    3    9    0    3  118]
 [   0    3   12  676    0   17    4    0    0    6]
 [  10   10    0    0  397    2    0    1    0    0]
 [   5   13   19   36    3  370    6    4    8   18]
 [   5    6   23   15    0    4  523    2   71  115]
 [   0   13    2    1    0    0    7  655   12   12]
 [   1    4    2    1    0    2   41    8 1071  184]
 [   2    7  102   11    0   13   54    5  246 1933]]

checkpoint name: r2plus1d_multiclass_14_0.0001 
train loss: 0.03605 || train accuracy: 0.98769 || train f1: 0.98769 || train precision: 0.98769 || train recall: 0.98769
[[3465    7    1    0    6    4    3    8    0    3]
 [   2 3719    1    4    4    3    0    5    1    4]
 [   3    0 4100    5    0    1    2    1    0   33]
 [   0    5    5 2419    0   10    2    0    0    6]
 [   9    3    1    0 1485    0    0    0    0    2]
 [   3    3    3    8    1 1637    2    1    7    7]
 [   3    0    4    4    0    3 2636    2   20   20]
 [   7    2    1    0    1    1    3 2480    2    4]
 [   1    0    1    0    0    5   17    4 4457   37]
 [   3    1   26    4    1    7   23    2   42 8103]]
val loss: 0.66239 || val accuracy: 0.85741 || val f1: 0.85741 || val precision: 0.85741 || val recall: 0.85741
[[ 950    3    2    0    8    0    1    5    0    4]
 [  10  978   14   14    4   11    1    3    3   12]
 [   1    0 1054    4    3    2   10    0    3  107]
 [   0    5   34  653    0   13    2    0    0   11]
 [   2    2    0    0  412    3    0    1    0    0]
 [  11    9   17   31    2  371    3    4    9   25]
 [   8    1   30    3    1    3  516    8   58  136]
 [   9    3    3    0    3    0    3  655    9   17]
 [   3    3    4    1    2    0   63    4  953  281]
 [  14    4  126    6    2    7   66    8  125 2015]]

checkpoint name: r2plus1d_multiclass_15_0.0001 
train loss: 0.03585 || train accuracy: 0.98843 || train f1: 0.98843 || train precision: 0.98843 || train recall: 0.98843
[[3474    5    1    0    5    1    5    3    1    2]
 [   7 3721    1    2    1    5    0    4    0    2]
 [   2    0 4105    7    0    1    4    1    0   25]
 [   0    3   10 2421    0    5    2    0    0    6]
 [   4    3    0    1 1488    1    0    2    0    1]
 [   2    3    0    6    1 1657    2    0    1    0]
 [   1    0    2    1    0    1 2655    0   14   18]
 [   4    5    1    0    1    0    1 2472    9    8]
 [   0    1    1    0    0    1   14    5 4438   62]
 [   3    2   24    5    0    1   21    4   56 8096]]
val loss: 0.63753 || val accuracy: 0.85321 || val f1: 0.85321 || val precision: 0.85321 || val recall: 0.85321
[[ 948   10    0    0    0    0    4    6    1    4]
 [   3  984    7   24    2   12    4    8    2    4]
 [   8    1  998   12    0    3   44    4    3  111]
 [   0    3   13  677    1    9   11    0    1    3]
 [   5    3    0    0  411    0    0    1    0    0]
 [  16    6   12   54    8  341   10    7   15   13]
 [   9    3    7    2    0    0  647    5   41   50]
 [   2    4    0    0    2    1    5  681    4    3]
 [   6    4    1    1    0    1  109    8 1041  143]
 [   9    6   94    7    2    9  168   20  271 1787]]

checkpoint name: r2plus1d_multiclass_16_0.0001 
train loss: 0.0287 || train accuracy: 0.9903 || train f1: 0.9903 || train precision: 0.9903 || train recall: 0.9903
[[3487    6    0    0    0    1    0    1    1    1]
 [   5 3714    1    3    1    8    0    7    2    2]
 [   0    0 4112    3    0    2    3    0    0   25]
 [   0    3    2 2432    0    6    0    0    0    4]
 [   2    3    0    1 1492    0    1    0    0    1]
 [   1    9    2    5    1 1644    1    1    3    5]
 [   3    0    4    1    0    3 2652    3   12   14]
 [   2    7    1    0    1    1    4 2479    2    4]
 [   0    1    0    0    0    3    8    1 4462   47]
 [   0    3   28    2    0    5   14    1   41 8118]]
val loss: 0.63751 || val accuracy: 0.86222 || val f1: 0.86222 || val precision: 0.86222 || val recall: 0.86222
[[ 928   17    2    0    2    9    4    5    1    5]
 [   3 1022    5    6    3    6    0    2    0    3]
 [   2    7 1043   18    0    4   19    5    3   83]
 [   0   10    8  678    0   12    4    0    2    4]
 [   1    4    0    0  412    3    0    0    0    0]
 [   0   25   12   39    1  374    6    5    8   12]
 [   2    4   18    6    0    3  574   12   76   69]
 [   2    5    3    0    0    0    3  679    5    5]
 [   1    8    9    1    0    1   45   11 1068  170]
 [   3   20  141   11    0   14   92   23  242 1827]]

checkpoint name: r2plus1d_multiclass_17_0.0001 
train loss: 0.02988 || train accuracy: 0.98941 || train f1: 0.98941 || train precision: 0.98941 || train recall: 0.98941
[[3479    2    2    0    6    0    2    3    1    2]
 [   3 3716    1    3    8    4    1    3    2    2]
 [   0    1 4118    1    0    2    0    1    0   22]
 [   0    2    1 2434    0    3    1    0    2    4]
 [   8    7    0    0 1484    0    0    1    0    0]
 [   2    4    4    2    1 1644    4    2    5    4]
 [   2    0    5    2    0    3 2642    1   18   19]
 [   2    3    0    0    0    1    2 2485    3    5]
 [   2    1    1    0    0    6   20    2 4449   41]
 [   2    1   19    3    0    4   23    3   47 8110]]
val loss: 0.66599 || val accuracy: 0.85381 || val f1: 0.85381 || val precision: 0.85381 || val recall: 0.85381
[[ 929    6    2    0    8    8    2    8    1    9]
 [   3 1003    5   20    3   10    2    1    1    2]
 [   1    6 1004   11    0   12   14    2    1  133]
 [   0    7   12  663    1   27    3    0    0    5]
 [   4    3    0    0  412    0    0    0    0    1]
 [   1    8    9   45    8  392    5    5    4    5]
 [   4    2   28    4    1   10  571   12   34   98]
 [   3    3    2    0    1    1    2  684    2    4]
 [   3    3   11    2    1    7  107   21  903  256]
 [   3   14  121    7    1   26  105   21  115 1960]]

checkpoint name: r2plus1d_multiclass_18_0.0001 
train loss: 0.03129 || train accuracy: 0.98967 || train f1: 0.98967 || train precision: 0.98967 || train recall: 0.98967
[[3469    4    5    0   10    2    4    2    0    1]
 [   4 3722    2    5    2    1    1    0    1    5]
 [   3    3 4103    3    1    1    4    1    0   26]
 [   0    3    4 2434    0    3    1    0    0    2]
 [   8    3    0    0 1489    0    0    0    0    0]
 [   1    8    1    6    0 1649    0    1    1    5]
 [   3    0    4    1    0    1 2638    1   26   18]
 [   2    2    1    0    0    2    2 2486    2    4]
 [   3    2    0    1    0    2   19    2 4459   34]
 [   1    2   21    3    0    3   23    3   35 8121]]
val loss: 0.64746 || val accuracy: 0.85561 || val f1: 0.85561 || val precision: 0.85561 || val recall: 0.85561
[[ 952    4    0    0    1    5    1    5    1    4]
 [  11  959    9   19    1   24    2   15    3    7]
 [  11    0 1021    7    0   12   10    3    5  115]
 [   1    3   26  636    0   32    2    1    2   15]
 [  12    3    0    0  402    1    0    1    0    1]
 [   7   13   12   22    3  390    3    7   11   14]
 [  12    1   29    4    0    9  517    8   73  111]
 [   1    1    2    0    0    1    2  684    3    8]
 [   5    3    3    0    0    3   45   11 1052  192]
 [  11    2  102    5    0   15   68   15  229 1926]]

checkpoint name: r2plus1d_multiclass_19_0.0001 
train loss: 0.02681 || train accuracy: 0.9911 || train f1: 0.9911 || train precision: 0.9911 || train recall: 0.9911
[[3482    3    1    0    2    1    1    5    0    2]
 [   5 3721    1    2    6    2    1    2    0    3]
 [   0    1 4107    4    0    0    4    1    1   27]
 [   0    2    6 2426    0    5    3    1    0    4]
 [   3    6    0    0 1489    1    0    1    0    0]
 [   0    4    0    5    1 1656    1    0    3    2]
 [   1    0    3    3    0    3 2647    2   16   17]
 [   4    4    1    0    0    0    1 2487    1    3]
 [   0    1    0    0    0    0   10    1 4471   39]
 [   0    1   27    3    0    3   10    4   30 8134]]
val loss: 0.68806 || val accuracy: 0.85281 || val f1: 0.85281 || val precision: 0.85281 || val recall: 0.85281
[[ 947    7    1    0    2    2    1    3    1    9]
 [   6 1015    8    9    1    7    0    1    0    3]
 [   3    6 1052    5    0    2    9    1    3  103]
 [   0   12   45  619    0   25    5    0    0   12]
 [  11    3    0    0  405    0    0    1    0    0]
 [   2   25   15   32    6  368    3    5    5   21]
 [   8    7   37    3    0    2  483    2   76  146]
 [   8    9    5    0    0    0    2  651   10   17]
 [   4   11    6    1    0    2   33    3  992  262]
 [   8   18  157    3    1    9   48    3  147 1979]]

checkpoint name: r2plus1d_multiclass_20_0.0001 
train loss: 0.02261 || train accuracy: 0.99233 || train f1: 0.99233 || train precision: 0.99233 || train recall: 0.99233
[[3483    3    1    0    3    2    3    0    0    2]
 [   3 3723    1    5    2    4    0    5    0    0]
 [   0    0 4110    6    0    2    1    2    0   24]
 [   1    3    6 2430    0    2    1    0    2    2]
 [   4    6    0    0 1487    0    0    1    1    1]
 [   0    5    1    4    1 1657    0    0    1    3]
 [   1    1    2    4    0    0 2667    1   10    6]
 [   3    5    0    0    0    0    2 2486    1    4]
 [   0    0    0    1    1    2   10    0 4478   30]
 [   1    0   23    1    0    2   11    3   29 8142]]
val loss: 0.62731 || val accuracy: 0.86263 || val f1: 0.86263 || val precision: 0.86263 || val recall: 0.86263
[[ 924   15    0    0   15    6    0    3    2    8]
 [   3 1010    4   14    4    7    2    2    0    4]
 [   3    1  996   12    1    7   19    2    4  139]
 [   0    8   23  652    0   26    7    0    0    2]
 [   4    1    0    0  415    0    0    0    0    0]
 [   2    6    7   25   11  395   12    4    6   14]
 [   7    2   16    4    0    4  553    4   84   90]
 [   3    6    3    0    3    1    2  663    8   13]
 [   2    5    3    1    0    1   52    4 1073  173]
 [   7    8   66    4    1   14   73    7  265 1928]]

checkpoint name: r2plus1d_multiclass_21_0.0001 
train loss: 0.02625 || train accuracy: 0.99115 || train f1: 0.99115 || train precision: 0.99115 || train recall: 0.99115
[[3476    4    0    0    5    2    3    0    2    5]
 [   1 3726    0    1    4    6    2    1    0    2]
 [   0    1 4113    7    0    0    3    0    0   21]
 [   0    0    7 2434    0    5    0    0    0    1]
 [   4    3    0    0 1488    2    0    0    2    1]
 [   3    4    0    4    2 1651    3    0    1    4]
 [   4    0    4    1    0    2 2654    0    9   18]
 [   0    0    0    0    0    1    1 2493    3    3]
 [   1    1    0    0    1    0    8    2 4471   38]
 [   3    1   23    1    1    4   20    5   38 8116]]
val loss: 0.69749 || val accuracy: 0.85591 || val f1: 0.85591 || val precision: 0.85591 || val recall: 0.85591
[[ 955    3    2    0    1    5    0    2    1    4]
 [  13 1011    9    2    1    5    0    3    1    5]
 [   3    2 1050    3    1    4   10    0    2  109]
 [   1   32   40  604    1   22    5    1    0   12]
 [   4    2    0    0  413    1    0    0    0    0]
 [   6   21   11   34    2  380    3    5    9   11]
 [  10    9   29    1    0    6  508    4   62  135]
 [   6    5    3    0    0    0    3  666    4   15]
 [   6    7    4    1    0    3   47   14  980  252]
 [  10    9  152    3    0    7   38    9  170 1975]]

checkpoint name: r2plus1d_multiclass_22_0.0001 
train loss: 0.0195 || train accuracy: 0.99353 || train f1: 0.99353 || train precision: 0.99353 || train recall: 0.99353
[[3480    8    0    0    5    1    1    2    0    0]
 [   7 3727    2    0    0    1    0    1    2    3]
 [   2    1 4117    1    0    1    2    2    0   19]
 [   0    1    1 2438    0    5    0    0    0    2]
 [   5    2    0    0 1490    1    0    1    0    1]
 [   0    0    3    9    2 1650    1    0    2    5]
 [   0    0    2    0    0    0 2678    0    8    4]
 [   0    4    2    0    0    0    2 2487    1    5]
 [   0    2    1    0    0    0    5    1 4478   35]
 [   1    0   17    0    1    5    4    4   20 8160]]
val loss: 0.80277 || val accuracy: 0.83988 || val f1: 0.83988 || val precision: 0.83988 || val recall: 0.83988
[[ 940    3    0    0    8    1    2    8    7    4]
 [  11  974    6   14    8   10    3   18    3    3]
 [  10    2  981    3    0    3   16    3   13  153]
 [   2   10   34  619    1   28    8    2    5    9]
 [   4    2    1    0  404    7    0    2    0    0]
 [   5   12   17   21    0  382    5    6   10   24]
 [   8    4   23    1    0    2  529    8  120   69]
 [   2    4    1    0    0    0    2  674   11    8]
 [   1    4    1    0    0    2   38    5 1185   78]
 [  12    6   70    3    0    5   81   11  491 1694]]

checkpoint name: r2plus1d_multiclass_23_0.0001 
train loss: 0.02479 || train accuracy: 0.99198 || train f1: 0.99198 || train precision: 0.99198 || train recall: 0.99198
[[3479    5    0    0    7    0    1    4    0    1]
 [   4 3722    0    3    2    5    0    3    1    3]
 [   0    0 4127    3    0    2    1    1    0   11]
 [   0    3    5 2431    0    3    1    0    0    4]
 [   9    2    0    0 1487    1    0    1    0    0]
 [   2    4    2    3    1 1651    2    1    2    4]
 [   0    0    3    4    0    1 2658    0   13   13]
 [   4    5    2    0    0    1    0 2483    4    2]
 [   1    0    0    0    0    2   10    3 4471   35]
 [   0    2   12    2    0    3   14    2   35 8142]]
val loss: 0.7314 || val accuracy: 0.85511 || val f1: 0.85511 || val precision: 0.85511 || val recall: 0.85511
[[ 933    4    1    0    5    2    2   16    0   10]
 [  13  967   11   25   12    5    1   10    1    5]
 [   2    1 1015    6    2    3   12    1    3  139]
 [   1    5   32  653    2   14    7    0    0    4]
 [   4    0    0    0  414    1    0    0    0    1]
 [   5   14   13   25    9  377    8    4    9   18]
 [   6    4   29    3    1    4  490    5   72  150]
 [   5    1    2    0    0    0    2  649   13   30]
 [   1    1    3    3    1    4   33    4 1002  262]
 [   5    4  115    5    3    6   37    5  159 2034]]

checkpoint name: r2plus1d_multiclass_24_0.0001 
train loss: 0.01881 || train accuracy: 0.99385 || train f1: 0.99385 || train precision: 0.99385 || train recall: 0.99385
[[3485    1    1    1    1    0    1    4    0    3]
 [   2 3729    0    1    3    4    0    2    0    2]
 [   1    1 4118    2    0    1    3    0    0   19]
 [   0    2    4 2435    0    3    1    0    0    2]
 [   2    6    0    1 1489    1    0    0    1    0]
 [   0    3    1    2    3 1662    0    0    0    1]
 [   2    1    1    0    0    1 2670    1    4   12]
 [   3    4    0    0    0    0    0 2489    2    3]
 [   1    0    0    0    1    0    7    1 4487   25]
 [   1    0   20    1    0    0    9    3   26 8152]]
val loss: 0.72393 || val accuracy: 0.85501 || val f1: 0.85501 || val precision: 0.85501 || val recall: 0.85501
[[ 939    2    1    0    0    1    6   12    2   10]
 [   5  996   11   13    1    3    4   13    0    4]
 [   0    1 1021    7    0    2   15    2    5  131]
 [   0    7   19  658    0   22    6    0    2    4]
 [   5    1    0    0  408    6    0    0    0    0]
 [   4   18   17   25    2  379    7    4   11   15]
 [   3    0   29    3    1    2  541    2   91   92]
 [   6    5    1    0    0    0    3  657    9   21]
 [   1    3    5    1    0    3   45    5 1088  163]
 [   6    5  109    5    1   10   75   14  302 1846]]
